GENERATION QUANTITY DIFFERENCE DENOMINATIONS
1 5 67 500 500 500 100 20 
2 5 33 500 500 500 200 20 
3 6 53 500 500 500 200 20 20 
4 6 43 500 500 500 200 20 10 
5 5 166 500 500 500 20 1 
6 5 162 500 500 500 20 5 
7 4 13 500 500 500 200 
8 6 176 500 500 500 5 5 1 
9 4 87 500 500 500 100 
10 7 29 500 500 500 200 10 5 1 
11 7 34 500 500 500 200 10 10 1 
12 7 66 500 500 500 100 10 10 1 
13 7 29 500 500 500 200 10 5 1 
14 7 34 500 500 500 200 10 10 1 
15 8 23 500 500 200 200 100 100 100 10 
16 8 27 500 500 200 200 100 100 50 10 
17 7 15 500 500 500 100 50 20 2 
18 7 18 500 500 500 200 2 2 1 
19 7 176 500 500 200 200 100 10 1 
20 7 86 500 500 200 200 100 100 1 
21 5 82 500 500 500 100 5 
22 7 35 500 500 500 200 20 1 1 
23 7 35 500 500 500 200 20 1 1 
24 10 58 500 500 200 200 100 100 20 5 2 2 
25 8 27 500 500 200 200 100 100 50 10 
26 8 18 500 500 500 100 100 2 2 1 
27 7 116 500 500 500 200 100 2 1 
28 5 82 500 500 500 100 5 
29 7 127 500 500 200 200 100 50 10 
30 8 83 500 500 500 50 50 2 1 1 
31 9 25 500 500 200 200 100 100 50 10 2 
32 9 25 500 500 200 200 100 100 50 10 2 
33 4 137 500 500 500 50 
34 5 33 500 500 500 200 20 
35 7 69 500 500 500 200 50 5 1 
36 7 74 500 500 500 200 50 10 1 
37 9 3 500 500 200 200 100 100 50 20 20 
38 7 75 500 500 500 200 50 10 2 
39 10 48 500 500 200 200 200 50 50 20 10 5 
40 9 283 500 500 500 200 100 50 50 50 20 
41 7 66 500 500 500 200 50 2 1 
42 7 17 500 500 500 200 2 1 1 
43 12 0 500 500 200 200 200 20 20 20 10 10 5 2 
44 6 85 500 500 500 100 1 1 
45 10 10 500 500 500 100 20 20 20 10 5 2 
46 8 18 500 500 500 200 2 1 1 1 
47 12 10 500 500 200 200 200 20 20 20 5 5 5 2 
48 10 85 500 500 500 100 100 20 20 20 10 2 
49 14 11 500 500 200 100 100 100 100 50 20 20 5 1 1 1 
50 12 15 500 500 200 200 100 100 20 20 20 5 5 2 
51 11 20 500 500 200 200 100 100 20 20 20 5 2 
52 9 4 500 500 500 100 50 20 10 2 1 
53 11 46 500 500 500 100 20 10 5 2 2 1 1 
54 11 46 500 500 500 100 20 10 5 2 2 1 1 
55 9 44 500 500 500 50 50 20 20 2 1 
56 12 8 500 500 500 50 50 50 20 10 10 2 2 1 
57 11 3 500 500 500 100 50 20 10 5 2 2 1 
58 10 8 500 500 500 100 50 20 20 2 2 1 
59 5 13 500 500 500 100 100 
60 10 23 500 500 500 100 100 5 2 1 1 1 
61 10 72 500 500 500 100 100 50 5 2 1 1 
62 15 80 500 500 200 200 100 100 50 50 20 20 10 5 5 5 2 
63 13 24 500 500 200 200 100 100 50 20 20 10 5 5 1 
64 11 120 500 500 500 100 50 50 50 50 5 1 1 
65 12 16 500 500 500 50 50 50 20 20 5 5 2 1 
66 8 16 500 500 500 100 100 1 1 1 
67 10 58 500 500 500 100 10 5 5 5 2 2 
68 10 32 500 500 500 100 100 5 5 5 2 2 
69 11 34 500 500 500 100 100 5 5 5 2 2 2 
70 9 40 500 500 500 100 100 20 5 1 1 
71 9 85 500 500 500 200 50 10 5 5 2 
72 10 7 500 500 200 200 100 100 50 10 10 10 
73 13 84 500 500 200 200 200 50 50 20 20 10 10 10 1 
74 12 18 500 500 500 100 20 20 10 5 5 5 2 2 
75 10 78 500 500 500 100 100 50 10 2 2 1 
76 10 30 500 200 200 200 200 200 100 50 5 2 
77 14 89 500 200 200 200 200 100 100 100 100 50 20 2 2 2 
78 8 124 500 500 500 50 5 5 2 1 
79 12 102 500 500 200 100 100 50 50 50 20 5 5 5 
80 14 93 500 200 200 200 100 100 100 50 50 50 20 20 2 2 
81 13 6 500 500 500 100 20 20 20 10 5 2 2 1 1 
82 10 8 500 500 200 200 200 50 20 10 10 5 
83 12 79 500 500 200 200 100 50 20 20 10 5 2 1 
84 10 15 500 500 200 200 200 50 10 5 5 2 
85 10 4 500 500 500 100 50 20 10 5 5 1 
86 12 100 500 500 200 100 100 50 50 50 20 10 5 2 
87 11 68 500 500 500 200 20 20 10 2 1 1 1 
88 9 74 500 500 200 200 200 100 50 10 1 
89 12 50 500 500 200 200 100 50 50 20 10 5 1 1 
90 12 10 500 500 200 200 100 50 50 50 20 5 1 1 
91 7 184 500 500 200 200 100 2 1 
92 5 87 500 500 500 50 50 
93 5 87 500 500 500 50 50 
94 13 39 500 500 200 200 100 100 20 10 5 5 5 2 1 
95 13 59 500 500 200 100 100 50 50 50 50 20 5 2 1 
96 12 359 500 500 100 100 50 50 10 5 5 5 2 1 
97 14 148 500 500 200 200 200 100 50 50 20 10 2 1 1 1 
98 12 191 500 500 200 100 100 50 20 10 10 2 2 2 
99 12 350 500 500 100 50 50 50 50 20 5 5 5 2 
100 5 184 500 500 500 2 1 
101 14 97 500 500 200 200 50 50 50 20 10 5 2 1 1 1 
102 13 153 500 500 200 100 100 50 50 10 10 5 5 2 2 
103 3 187 500 500 500 
104 7 506 500 500 100 50 20 10 1 
105 4 186 500 500 500 1 
106 6 35 500 500 500 100 50 2 
107 4 477 500 500 200 10 
108 5 432 500 500 200 50 5 
109 5 237 500 500 200 200 50 
110 5 15 500 500 500 200 2 
111 7 286 500 500 200 100 50 50 1 
112 7 164 500 500 500 200 100 50 1 
113 7 164 500 500 500 200 100 50 1 
114 6 85 500 500 500 100 1 1 
115 6 364 500 500 500 500 50 1 
116 5 187 500 500 200 200 100 
117 7 265 500 500 200 200 20 1 1 
118 4 87 500 500 500 100 
119 8 74 500 500 200 200 200 10 2 1 
120 4 13 500 500 500 200 
121 4 13 500 500 500 200 
122 7 235 500 500 200 100 100 50 2 
123 7 87 500 500 200 200 100 50 50 
124 7 117 500 500 200 200 100 50 20 
125 7 136 500 500 200 200 100 50 1 
126 6 65 500 500 500 100 20 2 
127 7 45 500 500 500 100 20 20 2 
128 10 53 500 500 200 200 100 100 100 20 10 10 
129 10 53 500 500 200 200 100 100 100 20 10 10 
130 10 65 500 200 200 200 200 200 100 100 50 2 
131 9 15 500 500 200 200 100 100 100 1 1 
132 6 66 500 500 500 100 20 1 
133 6 36 500 500 500 100 50 1 
134 6 36 500 500 500 100 50 1 
135 7 12 500 500 500 100 50 20 5 
136 7 12 500 500 500 100 50 20 5 
137 7 12 500 500 500 100 50 20 5 
138 7 12 500 500 500 100 50 20 5 
139 11 3 500 500 500 50 50 50 20 10 2 1 1 
140 11 51 500 500 500 50 50 20 10 2 2 1 1 
141 10 206 500 500 200 100 100 50 20 5 5 1 
142 8 23 500 500 200 200 100 100 100 10 
143 8 35 500 500 200 200 100 100 50 2 
144 10 111 500 500 200 200 100 50 10 10 5 1 
145 8 55 500 500 500 100 20 5 5 2 
146 8 77 500 500 500 100 5 2 2 1 
147 8 77 500 500 500 100 5 2 2 1 
148 10 52 500 500 200 200 100 100 20 5 5 5 
149 7 60 500 500 500 100 20 5 2 
150 5 23 500 500 500 200 10 
151 6 17 500 500 500 100 50 20 
152 11 1 500 500 500 100 50 20 10 5 1 1 1 
153 4 13 500 500 500 200 
154 10 23 500 500 500 100 100 5 2 1 1 1 
155 13 86 500 500 200 200 100 20 20 20 20 10 5 5 1 
156 3 187 500 500 500 
157 10 15 500 500 500 50 50 50 20 20 10 2 
158 8 16 500 500 500 50 50 50 20 1 
159 8 60 500 500 500 200 20 20 5 2 
160 8 60 500 500 500 200 20 20 5 2 
161 9 18 500 500 500 100 50 20 20 10 5 
162 8 17 500 500 200 200 100 100 50 20 
163 4 13 500 500 500 200 
164 4 13 500 500 500 200 
165 11 4 500 500 200 200 100 100 50 20 10 2 1 
166 9 8 500 500 500 100 50 20 5 2 2 
167 11 6 500 500 500 100 50 10 10 5 2 2 2 
168 11 52 500 500 500 50 50 10 10 10 2 2 1 
169 4 177 500 500 500 10 
170 4 177 500 500 500 10 
171 7 112 500 500 500 50 10 10 5 
172 8 32 500 500 500 100 50 2 2 1 
173 7 65 500 500 500 100 100 50 2 
174 12 146 500 500 500 100 100 50 20 20 20 20 2 1 
175 9 24 500 500 500 100 50 10 1 1 1 
176 5 85 500 500 500 100 2 
177 8 117 500 500 200 100 100 100 50 20 
178 7 24 500 500 500 100 100 10 1 
179 7 24 500 500 500 100 100 10 1 
180 6 28 500 500 500 200 10 5 
181 11 5 500 500 200 200 200 50 10 10 5 5 2 
182 9 27 500 500 500 100 50 5 2 2 1 
183 8 60 500 500 500 100 10 10 5 2 
184 4 87 500 500 500 100 
185 4 87 500 500 500 100 
186 4 87 500 500 500 100 
187 11 159 500 500 200 200 50 50 10 10 5 2 1 
188 4 87 500 500 500 100 
189 10 22 500 500 200 200 100 50 50 50 10 5 
190 5 15 500 500 500 200 2 
191 5 15 500 500 500 200 2 
192 7 19 500 500 500 100 100 5 1 
193 7 114 500 500 500 100 100 100 1 
194 8 104 500 500 500 50 20 10 2 1 
195 5 82 500 500 500 100 5 
196 5 382 500 500 200 100 5 
197 7 151 500 500 500 20 10 5 1 
198 9 112 500 500 200 200 100 50 10 10 5 
199 5 185 500 500 500 1 1 
200 12 122 500 500 500 100 100 50 20 20 10 5 2 2 
201 4 167 500 500 500 20 
202 6 68 500 500 500 200 50 5 
203 6 232 500 500 200 200 50 5 
204 7 125 500 500 500 200 100 10 2 
205 12 95 500 500 200 200 100 100 50 50 50 20 10 2 
206 12 136 500 500 500 20 10 5 5 5 2 2 1 1 
207 12 41 500 500 500 100 20 10 5 5 2 2 1 1 
208 6 16 500 500 500 200 2 1 
209 11 7 500 500 500 100 50 10 10 5 2 2 1 
210 11 8 500 500 500 100 50 10 10 5 2 1 1 
211 7 226 500 500 200 200 50 10 1 
212 10 96 500 500 500 20 20 20 10 10 10 1 
213 10 56 500 500 500 50 20 20 20 10 10 1 
214 15 145 500 500 500 100 100 50 50 10 10 5 2 2 1 1 1 
215 15 205 500 500 200 100 50 50 50 10 10 5 2 2 1 1 1 
216 8 412 500 500 200 50 20 2 2 1 
217 3 187 500 500 500 
218 3 187 500 500 500 
219 3 187 500 500 500 
220 8 3 500 500 500 100 50 20 10 10 
221 9 89 500 500 500 50 20 20 5 2 1 
222 4 87 500 500 500 100 
223 9 88 500 500 500 100 50 50 50 20 5 
224 5 82 500 500 500 100 5 
225 9 97 500 500 200 200 50 50 50 20 20 
226 5 277 500 500 200 200 10 
227 5 23 500 500 500 200 10 
228 5 23 500 500 500 200 10 
229 5 462 500 500 200 20 5 
230 5 367 500 500 200 100 20 
231 5 33 500 500 500 200 20 
232 5 367 500 500 200 100 20 
233 6 160 500 500 500 20 5 2 
234 7 25 500 500 500 200 10 1 1 
235 7 230 500 500 200 200 50 5 2 
236 6 162 500 500 500 10 10 5 
237 6 28 500 500 500 200 10 5 
238 6 28 500 500 500 200 10 5 
239 4 185 500 500 500 2 
240 5 67 500 500 500 100 20 
241 8 16 500 500 500 100 50 10 10 1 
242 8 17 500 500 200 200 100 100 50 20 
243 10 56 500 500 500 100 100 20 10 10 2 1 
244 10 56 500 500 500 100 100 20 10 10 2 1 
