GENERATION QUANTITY DIFFERENCE DENOMINATIONS
1 2 2 50 5 
2 4 0 1 5 1 50 
3 3 1 5 50 1 
4 3 1 5 50 1 
5 3 1 5 50 1 
6 3 1 50 1 5 
7 2 3 50 10 
8 2 3 50 10 
9 2 3 50 10 
10 6 1 1 10 2 20 20 5 
11 7 0 5 20 5 5 2 10 10 
12 7 0 5 20 5 5 2 10 10 
13 4 1 2 50 1 5 
14 3 0 5 50 2 
15 3 0 5 50 2 
16 3 0 5 50 2 
17 3 0 5 50 2 
18 3 0 5 50 2 
19 4 1 5 1 2 50 
20 3 1 1 50 5 
21 4 1 5 1 2 50 
22 2 2 50 5 
23 2 2 50 5 
24 3 0 50 2 5 
25 3 0 50 2 5 
26 3 0 50 5 2 
27 3 0 50 5 2 
28 3 0 2 5 50 
29 3 0 50 2 5 
30 2 2 5 50 
31 2 2 5 50 
32 2 2 5 50 
33 4 1 5 2 50 1 
34 2 5 50 2 
35 3 0 5 50 2 
36 3 0 5 50 2 
37 3 0 5 50 2 
38 3 0 5 50 2 
39 3 0 5 50 2 
40 3 0 5 50 2 
41 4 2 5 2 50 2 
42 3 0 5 2 50 
43 2 3 10 50 
44 2 3 10 50 
45 4 2 5 10 20 20 
46 2 3 10 50 
47 2 3 10 50 
48 2 3 10 50 
49 2 3 50 10 
50 2 3 10 50 
51 2 2 5 50 
52 3 1 5 1 50 
53 2 2 50 5 
54 2 3 10 50 
55 2 3 10 50 
56 2 2 5 50 
57 2 2 5 50 
58 3 0 5 2 50 
59 3 0 5 2 50 
60 3 0 5 2 50 
61 2 2 5 50 
62 4 2 5 2 2 50 
63 3 5 2 10 50 
64 2 3 50 10 
65 2 2 50 5 
66 3 4 2 1 50 
67 3 4 2 1 50 
68 3 1 5 1 50 
69 3 5 1 50 1 
70 3 5 1 50 1 
71 2 5 50 2 
72 1 7 50 
73 1 7 50 
74 2 5 50 2 
75 1 7 50 
76 3 1 1 5 50 
77 3 1 1 5 50 
78 2 6 50 1 
79 1 7 50 
80 2 2 5 50 
81 2 5 50 2 
82 2 5 2 50 
83 2 5 2 50 
84 2 3 10 50 
85 2 2 5 50 
86 2 5 2 50 
87 2 5 2 50 
88 2 5 2 50 
89 2 3 50 10 
90 2 3 50 10 
91 2 3 50 10 
92 2 3 50 10 
93 2 3 50 10 
94 2 3 50 10 
95 2 3 50 10 
96 2 3 50 10 
97 2 3 50 10 
98 2 3 50 10 
99 2 3 50 10 
100 3 1 50 5 1 
101 3 1 50 5 1 
102 3 1 50 5 1 
103 3 1 50 5 1 
104 3 0 2 5 50 
105 3 0 2 5 50 
106 3 1 50 5 1 
107 3 1 50 5 1 
108 3 0 50 5 2 
109 3 0 50 5 2 
110 3 0 50 5 2 
111 4 2 5 20 10 20 
112 5 0 2 5 20 10 20 
113 5 0 2 5 20 10 20 
114 5 0 2 5 20 10 20 
115 1 7 50 
116 2 2 50 5 
117 4 0 5 1 50 1 
118 4 0 5 1 50 1 
119 4 0 5 1 50 1 
120 4 0 5 1 50 1 
121 4 0 5 1 50 1 
122 4 0 5 1 50 1 
123 4 1 5 2 50 1 
124 2 3 10 50 
125 2 3 10 50 
126 2 2 5 50 
127 4 2 20 20 10 5 
128 3 0 2 5 50 
129 3 0 2 5 50 
130 3 0 2 5 50 
131 3 0 2 5 50 
132 3 0 2 5 50 
133 3 1 1 5 50 
134 2 3 10 50 
135 2 3 50 10 
136 2 3 50 10 
137 2 3 10 50 
138 2 3 10 50 
139 2 2 50 5 
140 2 2 50 5 
141 2 2 50 5 
142 2 2 50 5 
143 2 2 50 5 
144 2 2 50 5 
145 2 2 50 5 
146 2 3 10 50 
147 4 0 5 1 1 50 
148 4 0 5 1 1 50 
149 4 0 5 1 1 50 
150 4 0 5 1 1 50 
151 4 0 5 1 1 50 
152 4 0 5 1 1 50 
153 4 0 5 1 1 50 
154 4 1 2 50 1 5 
155 3 1 1 50 5 
156 3 1 1 50 5 
157 2 3 10 50 
158 2 3 10 50 
159 2 2 50 5 
160 4 0 5 1 1 50 
161 3 0 5 50 2 
162 3 0 5 50 2 
163 4 0 1 5 1 50 
164 4 0 1 5 1 50 
165 4 0 1 5 1 50 
166 4 0 1 5 1 50 
167 4 0 1 5 1 50 
168 4 0 1 5 1 50 
169 4 0 1 5 1 50 
170 3 0 5 50 2 
171 4 0 1 5 1 50 
172 2 3 10 50 
173 2 3 10 50 
174 3 3 50 5 5 
175 3 0 5 50 2 
176 2 3 50 10 
177 3 4 10 50 1 
178 3 4 10 50 1 
179 2 3 10 50 
180 2 3 10 50 
181 4 0 1 5 1 50 
182 2 2 50 5 
183 3 1 5 50 1 
184 3 1 5 50 1 
185 2 2 50 5 
186 4 0 1 1 50 5 
187 4 0 1 1 50 5 
188 4 0 1 1 50 5 
189 3 4 50 1 10 
190 3 4 50 1 10 
191 3 4 50 1 10 
192 2 3 10 50 
193 2 3 50 10 
194 2 3 10 50 
195 2 3 10 50 
196 2 3 10 50 
197 2 3 10 50 
198 2 3 10 50 
199 2 3 10 50 
200 2 3 10 50 
