GENERATION QUANTITY DIFFERENCE DENOMINATIONS
1 5 2 10 5 1 100 50 
2 5 2 10 5 1 100 50 
3 4 6 2 10 100 50 
4 3 2 100 50 20 
5 3 2 100 50 20 
6 3 2 100 50 20 
7 3 2 100 50 20 
8 3 2 100 50 20 
9 3 2 100 50 20 
10 3 2 100 50 20 
11 3 2 100 50 20 
12 3 2 100 50 20 
13 3 2 100 50 20 
14 5 2 100 50 1 10 5 
15 4 3 100 50 1 20 
16 4 3 100 50 1 20 
17 4 3 100 50 1 20 
18 4 3 100 50 1 20 
19 3 2 50 100 20 
20 5 4 50 2 100 10 2 
21 5 4 50 2 100 10 2 
22 4 3 100 50 20 1 
23 5 1 100 5 50 2 10 
24 4 3 100 50 20 1 
25 5 2 20 10 20 20 100 
26 3 2 50 20 100 
27 3 2 50 20 100 
28 3 2 50 20 100 
29 3 2 50 20 100 
30 3 2 50 20 100 
31 4 4 20 2 100 50 
32 4 4 20 2 100 50 
33 4 3 100 5 10 50 
34 3 2 20 100 50 
35 3 2 20 100 50 
36 3 2 20 100 50 
37 5 1 5 50 10 100 2 
38 5 1 5 50 10 100 2 
39 5 1 5 50 10 100 2 
40 3 2 100 20 50 
41 3 2 100 20 50 
42 5 1 100 2 50 10 5 
43 5 1 100 2 50 10 5 
44 5 4 2 50 10 100 10 
45 5 1 2 100 5 10 50 
46 5 1 2 100 5 10 50 
47 5 2 20 100 20 10 20 
48 5 2 20 100 20 10 20 
49 5 2 20 100 20 10 20 
50 4 3 50 10 5 100 
51 4 2 20 50 50 50 
52 4 2 20 50 50 50 
53 3 2 50 20 100 
54 3 2 20 100 50 
55 4 3 50 10 100 5 
56 3 17 1 100 50 
57 3 17 1 100 50 
58 4 3 50 1 20 100 
59 4 3 50 1 20 100 
60 6 0 50 2 5 1 100 10 
61 6 4 50 2 5 5 100 10 
62 6 1 50 2 2 5 100 10 
63 4 4 50 100 20 2 
64 3 8 100 50 10 
65 4 3 5 100 50 10 
66 5 5 10 100 50 1 2 
67 4 12 100 50 1 5 
68 5 8 100 20 1 50 5 
69 5 5 10 1 100 50 2 
70 5 8 100 20 1 50 5 
71 4 3 5 10 50 100 
72 4 3 5 10 50 100 
73 3 2 100 50 20 
74 4 7 1 10 50 100 
75 4 7 1 10 50 100 
76 4 6 10 100 50 2 
77 5 4 50 10 100 10 2 
78 5 4 50 10 100 10 2 
79 4 6 10 2 50 100 
80 6 2 20 100 20 20 5 5 
81 6 2 20 100 20 20 5 5 
82 6 2 20 100 20 20 5 5 
83 6 2 20 100 20 20 5 5 
84 7 1 50 100 2 5 5 2 5 
85 7 3 50 100 2 1 5 2 5 
86 5 7 5 100 10 50 10 
87 4 2 100 10 50 10 
88 6 1 10 5 100 2 50 2 
89 6 1 10 5 100 2 50 2 
90 6 1 10 5 100 2 50 2 
91 5 1 5 100 10 50 2 
92 4 3 50 1 20 100 
93 4 3 50 10 100 5 
94 4 3 20 100 50 1 
95 4 3 50 10 100 5 
96 4 3 50 10 100 5 
97 5 2 5 50 10 100 5 
98 9 1 5 5 10 1 1 5 20 100 20 
99 4 2 50 100 10 10 
100 8 1 5 5 10 20 2 5 100 20 
101 5 2 5 50 10 100 5 
102 5 2 5 50 10 100 5 
103 3 2 20 100 50 
104 5 2 5 50 10 100 5 
105 4 3 5 50 10 100 
106 3 2 100 20 50 
107 3 2 100 20 50 
108 3 2 100 20 50 
109 3 2 100 20 50 
110 3 2 20 100 50 
111 3 2 20 100 50 
112 3 2 100 20 50 
113 4 2 50 10 100 10 
114 5 1 5 2 10 100 50 
115 4 3 50 100 20 1 
116 4 3 50 100 20 1 
117 4 3 50 100 20 1 
118 4 3 50 100 20 1 
119 6 6 1 1 20 2 100 50 
120 3 8 100 10 50 
121 5 8 50 5 50 50 5 
122 4 4 50 20 100 2 
123 5 3 50 10 50 50 5 
124 4 11 100 50 5 2 
125 4 4 100 50 20 2 
126 4 4 100 50 20 2 
127 3 2 100 20 50 
128 5 5 2 10 1 50 100 
129 3 8 50 10 100 
130 4 3 100 50 1 20 
131 3 2 100 20 50 
132 3 2 100 20 50 
133 8 0 5 50 20 20 20 50 2 1 
134 5 2 5 50 10 5 100 
135 5 1 5 50 10 2 100 
136 5 1 5 50 10 2 100 
137 6 1 5 100 5 50 2 5 
138 8 2 20 20 5 5 100 10 5 5 
139 4 7 50 100 5 20 
140 8 9 2 50 5 20 20 20 50 10 
141 8 0 1 1 5 1 5 5 100 50 
142 8 0 1 1 5 1 5 5 100 50 
143 5 1 100 50 5 2 10 
144 5 1 100 50 5 2 10 
145 7 1 1 5 1 5 5 100 50 
146 7 1 1 5 1 5 5 100 50 
147 6 2 5 1 5 5 100 50 
148 5 4 2 2 50 100 10 
149 5 4 2 2 50 100 10 
150 7 1 2 20 20 20 5 100 2 
151 7 1 2 20 20 20 5 100 2 
152 7 1 2 20 20 20 5 100 2 
153 3 2 50 20 100 
154 3 2 50 20 100 
155 4 3 1 50 100 20 
156 4 3 1 50 100 20 
157 6 3 10 20 100 20 10 5 
158 6 3 10 20 100 20 10 5 
159 8 0 20 20 2 2 20 2 100 2 
160 8 0 20 20 2 2 20 2 100 2 
161 8 0 20 20 2 2 20 2 100 2 
