GENERATION QUANTITY DIFFERENCE DENOMINATIONS
1 4 3 10 50 100 5 
2 3 2 50 20 100 
3 3 8 100 10 50 
4 5 2 50 5 10 5 100 
5 5 1 50 5 10 2 100 
6 5 1 50 5 10 2 100 
7 6 0 5 100 50 10 1 2 
8 5 6 10 50 100 1 1 
9 5 4 50 2 10 10 100 
10 4 3 50 20 100 1 
11 5 1 50 5 2 10 100 
12 5 1 50 5 2 10 100 
13 5 1 50 5 2 10 100 
14 4 7 5 50 100 20 
15 4 12 5 50 1 100 
16 5 3 100 10 1 10 50 
17 4 11 100 5 2 50 
18 3 8 100 10 50 
19 3 8 50 100 10 
20 5 1 10 50 5 2 100 
21 4 3 5 50 10 100 
22 4 3 5 50 10 100 
23 4 3 100 50 10 5 
24 3 2 50 100 20 
25 3 2 50 100 20 
26 3 2 50 100 20 
27 5 2 5 5 50 10 100 
28 5 2 5 5 50 10 100 
29 7 2 1 2 10 2 1 100 50 
30 7 2 1 2 10 2 1 100 50 
31 7 2 1 2 10 2 1 100 50 
32 7 2 1 2 10 2 1 100 50 
33 4 4 20 50 100 2 
34 7 1 10 2 100 50 1 5 1 
35 4 4 20 50 100 2 
36 3 2 50 100 20 
37 5 2 5 10 50 5 100 
38 6 0 50 100 1 2 5 10 
39 6 1 2 10 2 50 5 100 
40 6 1 2 10 2 50 5 100 
41 5 1 10 50 5 2 100 
42 5 5 2 1 100 10 50 
43 5 5 2 1 100 10 50 
44 7 2 100 10 2 50 1 5 2 
45 5 7 5 1 50 5 100 
46 3 2 20 50 100 
47 3 2 20 50 100 
48 3 2 20 50 100 
49 3 2 20 50 100 
50 4 3 100 20 1 50 
51 4 4 100 20 2 50 
52 5 5 2 50 20 1 100 
53 3 2 100 50 20 
54 5 3 50 100 10 1 10 
55 5 4 2 10 100 2 50 
56 5 4 2 10 100 2 50 
57 6 4 100 2 5 5 2 50 
58 6 4 100 2 5 5 2 50 
59 4 6 10 100 50 2 
60 4 6 10 100 50 2 
61 3 2 100 20 50 
62 2 18 100 50 
63 4 2 50 20 50 50 
64 6 4 5 2 50 10 100 5 
65 7 6 2 100 20 20 10 20 2 
66 2 18 100 50 
67 2 18 100 50 
68 2 18 100 50 
69 4 16 50 100 1 1 
70 6 10 2 5 1 50 100 20 
71 6 10 2 5 1 50 100 20 
72 5 3 10 10 100 1 50 
73 4 16 50 100 1 1 
74 3 8 50 100 10 
75 3 8 50 100 10 
76 6 4 50 50 50 10 2 2 
77 7 6 2 2 2 1 50 100 5 
78 3 8 50 100 10 
79 8 0 50 2 2 1 2 1 10 100 
80 7 1 50 2 1 5 1 10 100 
81 6 0 50 2 100 1 10 5 
82 6 0 50 2 100 1 10 5 
83 6 0 50 2 100 1 10 5 
84 7 1 50 2 5 20 20 20 50 
85 7 1 50 2 5 20 20 20 50 
86 8 5 10 20 1 2 20 100 10 10 
87 7 12 10 1 5 20 100 10 10 
88 3 13 100 50 5 
89 3 8 10 50 100 
90 3 8 100 50 10 
91 4 12 5 100 1 50 
92 6 4 10 50 2 1 1 100 
93 4 7 50 10 100 1 
94 4 7 50 10 100 1 
95 4 7 50 10 100 1 
96 3 8 10 100 50 
97 5 4 2 50 10 100 2 
98 4 3 50 10 100 5 
99 5 4 2 50 10 100 2 
100 3 2 20 100 50 
101 3 2 20 100 50 
102 3 2 20 100 50 
103 3 2 20 100 50 
104 3 2 20 100 50 
105 3 2 50 100 20 
106 3 2 50 100 20 
107 3 2 50 100 20 
108 3 2 50 100 20 
109 3 2 50 100 20 
110 3 2 50 100 20 
111 3 2 50 100 20 
112 3 2 50 100 20 
113 3 2 50 100 20 
114 3 2 50 100 20 
115 3 2 50 100 20 
116 6 0 50 10 2 1 5 100 
117 4 2 50 50 50 20 
118 7 3 5 2 100 2 5 1 50 
119 4 4 50 100 20 2 
120 4 4 50 100 20 2 
121 3 2 100 50 20 
122 7 1 2 10 50 50 5 50 2 
123 3 2 100 50 20 
124 5 2 100 50 10 1 5 
125 8 1 20 100 2 2 5 10 20 10 
126 8 1 20 100 2 2 5 10 20 10 
127 6 1 2 2 50 10 100 5 
128 6 1 2 100 50 10 2 5 
129 8 1 20 100 2 2 5 10 20 10 
130 3 2 100 20 50 
131 3 2 100 20 50 
132 7 3 5 5 2 2 100 1 50 
133 7 3 5 5 2 2 100 1 50 
134 7 3 5 5 2 2 100 1 50 
135 7 3 5 5 2 2 100 1 50 
136 7 2 20 20 20 50 5 50 1 
137 7 3 5 5 2 2 100 1 50 
138 7 3 5 5 2 2 100 1 50 
139 6 0 100 50 5 10 2 1 
140 6 3 100 50 5 10 5 1 
141 4 7 50 20 100 5 
142 4 6 10 100 50 2 
143 4 3 5 50 10 100 
144 2 18 100 50 
145 7 0 100 5 20 1 20 2 20 
146 5 1 2 100 50 10 5 
147 7 6 100 5 5 10 20 2 20 
148 4 7 5 100 50 20 
149 4 7 5 20 50 100 
150 4 7 50 100 10 1 
151 4 7 50 100 10 1 
152 4 2 50 50 20 50 
153 4 2 50 50 20 50 
154 4 2 50 50 20 50 
155 4 2 50 50 20 50 
156 7 6 1 10 100 20 10 1 20 
157 7 5 2 10 100 20 10 1 20 
158 3 2 100 20 50 
159 3 2 100 20 50 
160 3 2 100 20 50 
161 3 2 100 20 50 
162 5 2 5 100 50 10 1 
163 5 2 5 100 50 10 1 
164 3 2 100 20 50 
165 3 2 20 100 50 
166 3 2 20 100 50 
167 3 2 20 100 50 
168 3 2 50 20 100 
169 3 2 50 20 100 
170 3 2 50 20 100 
171 4 7 100 5 50 20 
172 5 5 2 50 100 20 1 
173 4 4 50 20 100 2 
174 6 5 2 5 1 50 5 100 
175 8 1 2 20 2 5 10 10 20 100 
176 6 5 2 5 1 50 5 100 
177 3 8 50 100 10 
178 3 8 50 100 10 
179 3 8 50 100 10 
180 7 5 2 50 10 5 1 5 100 
181 5 2 20 10 20 100 20 
182 5 5 2 1 10 100 50 
183 5 7 50 5 1 5 100 
184 4 7 1 10 100 50 
185 3 2 50 20 100 
186 3 2 50 20 100 
187 3 2 50 20 100 
188 3 2 50 20 100 
189 3 2 50 20 100 
190 3 2 20 100 50 
191 3 2 50 20 100 
192 3 2 50 20 100 
193 5 1 10 2 5 100 50 
194 3 2 50 20 100 
195 3 2 50 20 100 
196 3 2 50 20 100 
197 3 2 50 20 100 
198 3 2 50 20 100 
199 3 2 50 20 100 
200 3 2 50 20 100 
201 3 2 50 20 100 
202 3 2 20 100 50 
203 3 2 50 20 100 
204 5 5 50 2 100 1 10 
205 5 5 2 100 1 10 50 
206 5 1 2 100 5 10 50 
207 4 11 5 2 100 50 
208 6 10 50 2 5 1 50 50 
209 5 5 2 1 100 50 10 
210 5 13 10 100 20 1 50 
211 6 5 50 2 50 10 1 50 
212 3 13 5 100 50 
213 3 13 5 100 50 
214 5 2 50 5 100 5 10 
215 5 2 50 5 100 5 10 
216 3 2 100 20 50 
217 3 2 100 20 50 
218 3 2 100 20 50 
219 5 2 1 10 50 100 5 
220 7 1 10 5 2 100 20 10 20 
221 3 2 50 20 100 
222 3 2 50 20 100 
223 4 4 100 50 2 20 
224 6 4 50 50 50 2 2 10 
225 6 1 1 10 100 5 50 1 
226 7 1 5 50 50 50 2 2 10 
227 7 1 5 50 50 50 2 2 10 
228 7 1 5 50 50 50 2 2 10 
229 5 1 50 100 10 5 2 
230 4 3 100 20 1 50 
231 4 3 50 100 10 5 
232 3 2 50 20 100 
233 4 3 10 50 100 5 
234 4 3 20 50 1 100 
235 3 2 100 20 50 
236 4 7 50 20 100 5 
237 9 2 50 5 50 1 20 2 20 2 20 
238 7 7 1 10 10 2 100 50 2 
239 5 8 50 100 20 1 5 
240 6 4 10 50 100 1 1 2 
241 6 4 10 50 100 1 1 2 
242 5 5 10 50 100 1 2 
243 5 5 10 50 100 1 2 
244 5 1 5 50 100 10 2 
245 5 5 10 50 100 1 2 
246 5 5 10 50 100 1 2 
247 4 3 1 50 20 100 
248 4 3 1 50 20 100 
249 4 2 20 50 50 50 
250 4 2 20 50 50 50 
251 4 2 20 50 50 50 
252 4 2 20 50 50 50 
253 4 2 20 50 50 50 
254 4 2 20 50 50 50 
255 3 2 20 50 100 
256 3 2 20 50 100 
257 4 2 20 50 50 50 
258 5 4 50 20 50 50 2 
