GENERATION QUANTITY DIFFERENCE DENOMINATIONS
1 2 2 50 5 
2 4 0 1 5 1 50 
3 4 0 1 5 1 50 
4 4 0 1 5 1 50 
5 4 0 1 5 1 50 
6 4 0 1 5 1 50 
7 4 0 1 5 1 50 
8 4 0 1 5 1 50 
9 4 0 1 5 1 50 
10 4 0 1 5 1 50 
11 4 0 1 5 1 50 
12 4 0 1 5 1 50 
13 4 0 1 5 1 50 
14 3 0 5 50 2 
15 3 0 5 50 2 
16 3 0 5 50 2 
17 3 0 5 50 2 
18 3 0 5 50 2 
19 3 0 5 50 2 
20 3 0 5 50 2 
21 3 0 5 50 2 
22 3 0 5 50 2 
23 3 0 5 50 2 
24 3 0 5 50 2 
25 3 0 5 50 2 
26 3 0 5 50 2 
27 3 0 5 50 2 
28 3 0 5 50 2 
29 3 0 5 50 2 
30 3 0 5 50 2 
31 3 0 5 50 2 
32 3 0 5 50 2 
33 3 0 5 50 2 
34 3 0 5 50 2 
35 3 0 5 50 2 
36 3 0 5 50 2 
37 3 0 5 50 2 
38 3 0 5 50 2 
39 3 0 5 50 2 
40 3 0 5 50 2 
41 3 0 5 50 2 
42 3 0 5 50 2 
43 3 0 5 50 2 
44 3 0 5 50 2 
45 3 0 5 50 2 
46 3 0 5 50 2 
47 3 0 5 50 2 
48 3 0 5 50 2 
49 3 0 5 50 2 
50 3 0 5 50 2 
51 3 0 5 50 2 
52 3 0 5 50 2 
53 3 0 5 50 2 
54 3 0 5 50 2 
55 3 0 5 50 2 
56 3 0 5 50 2 
57 3 0 5 50 2 
58 3 0 5 50 2 
59 3 0 5 50 2 
60 3 0 5 50 2 
61 3 0 5 50 2 
62 3 0 5 50 2 
63 3 0 5 50 2 
64 3 0 5 50 2 
65 3 0 5 50 2 
66 3 0 5 50 2 
67 3 0 5 50 2 
68 3 0 5 50 2 
69 3 0 5 50 2 
70 3 0 5 50 2 
71 3 0 5 50 2 
72 3 0 5 50 2 
73 3 0 5 50 2 
74 3 0 5 50 2 
75 3 0 5 50 2 
76 3 0 5 50 2 
77 3 0 5 50 2 
78 3 0 5 50 2 
79 3 0 5 50 2 
80 3 0 5 50 2 
81 3 0 5 50 2 
82 3 0 5 50 2 
83 3 0 5 50 2 
84 3 0 5 50 2 
85 3 0 5 50 2 
86 3 0 5 50 2 
87 3 0 5 50 2 
88 3 0 5 50 2 
89 3 0 5 50 2 
90 3 0 5 50 2 
91 3 0 5 50 2 
92 3 0 5 50 2 
93 3 0 5 50 2 
94 3 0 5 50 2 
95 3 0 5 50 2 
96 3 0 5 50 2 
97 3 0 5 50 2 
98 3 0 5 50 2 
99 3 0 5 50 2 
100 3 0 5 50 2 
101 3 0 5 50 2 
102 3 0 5 50 2 
103 3 0 5 50 2 
104 3 0 5 50 2 
105 3 0 5 50 2 
106 3 0 5 50 2 
107 3 0 5 50 2 
108 3 0 5 50 2 
109 3 0 5 50 2 
110 3 0 5 50 2 
111 3 0 5 50 2 
112 3 0 5 50 2 
113 3 0 5 50 2 
114 3 0 5 50 2 
115 3 0 5 50 2 
116 3 0 5 50 2 
117 3 0 5 50 2 
118 3 0 5 50 2 
119 3 0 5 50 2 
120 3 0 5 50 2 
121 3 0 5 50 2 
122 3 0 5 50 2 
123 3 0 5 50 2 
124 3 0 5 50 2 
125 3 0 5 50 2 
126 3 0 5 50 2 
127 3 0 5 50 2 
128 3 0 5 50 2 
129 3 0 5 50 2 
130 3 0 5 50 2 
131 3 0 5 50 2 
132 3 0 5 50 2 
133 3 0 5 50 2 
134 3 0 5 50 2 
135 3 0 5 50 2 
136 3 0 5 50 2 
137 3 0 5 50 2 
138 3 0 5 50 2 
139 3 0 5 50 2 
140 3 0 5 50 2 
141 3 0 5 50 2 
142 3 0 5 50 2 
143 3 0 5 50 2 
144 3 0 5 50 2 
145 3 0 5 50 2 
146 3 0 5 50 2 
147 3 0 5 50 2 
148 3 0 5 50 2 
149 3 0 5 50 2 
150 3 0 5 50 2 
151 3 0 5 50 2 
152 3 0 5 50 2 
153 3 0 5 50 2 
154 3 0 5 50 2 
155 3 0 5 50 2 
156 3 0 5 50 2 
157 3 0 5 50 2 
158 3 0 5 50 2 
159 3 0 5 50 2 
160 3 0 5 50 2 
161 3 0 5 50 2 
162 3 0 5 50 2 
163 3 0 5 50 2 
164 3 0 5 50 2 
165 3 0 5 50 2 
166 3 0 5 50 2 
167 3 0 5 50 2 
168 3 0 5 50 2 
169 3 0 5 50 2 
170 3 0 5 50 2 
171 3 0 5 50 2 
172 3 0 5 50 2 
173 3 0 5 50 2 
174 3 0 5 50 2 
175 3 0 5 50 2 
176 3 0 5 50 2 
177 3 0 5 50 2 
178 3 0 5 50 2 
179 3 0 5 50 2 
180 3 0 5 50 2 
181 3 0 5 50 2 
182 3 0 5 50 2 
183 3 0 5 50 2 
184 3 0 5 50 2 
185 3 0 5 50 2 
186 3 0 5 50 2 
187 3 0 5 50 2 
188 3 0 5 50 2 
189 3 0 5 50 2 
190 3 0 5 50 2 
191 3 0 5 50 2 
192 3 0 5 50 2 
193 3 0 5 50 2 
194 3 0 5 50 2 
195 3 0 5 50 2 
196 3 0 5 50 2 
197 3 0 5 50 2 
198 3 0 5 50 2 
199 3 0 5 50 2 
200 3 0 5 50 2 
